0 -23.5
11 36.4
1 59.4
22 14
19 -38.9
12 57
9 -33.2
16 45.9
20 35.1
15 19.4
21 71.5
1 67.6
15 72
8 -5
17 70.3
1 52.8
6 22.6
11 -8.5
8 -18
21 93.1
21 33
7 105
6 -29.1
1 31.8
6 94.1
11 98.1
18 73.7
3 -40.6
20 52.5
17 107.8
5 2.7
12 46.7
9 83.5
9 37.9
6 -17.7
13 77
12 33
17 40.8
14 83.3
5 63.2
2 -3
9 -38.6
22 -7.7
7 90.3
3 58.8
9 31.3
14 84.2
22 39.3
23 17.2
13 -5
11 101.2
4 5.3
3 55.3
19 -6
9 -14
21 20.2
22 17.2
21 -30.7
1 11.5
3 74.9
8 25.6
22 54.4
16 93.5
20 28
14 80.5
11 100.3
10 81.4
16 107
20 0.1
12 -28.2
13 88.9
17 88.5
19 63.5
0 90.1
11 -33.6
11 57.4
4 95.8
21 38.2
10 105.4
10 4
21 22.9
19 11.4
23 -19.7
14 -44
18 65.6
10 60.4
4 83.4
19 -29.9
18 51.4
5 -31.2
22 99.8
6 60.5
18 74.8
6 -15
4 104.5
19 -23.2
14 -16.3
3 105.5
5 -28.6
15 62.6
16 70.4
15 -34.8
5 5.4
2 72.1
13 44.6
16 -22.7
11 86.7
13 67.6
3 35.6
14 34.9
6 11.8
10 27.8
6 -32.3
6 58.4
12 67.5
22 26.9
7 26
15 17.2
23 -20.6
8 38
19 -41.5
15 39.9
6 102.5
20 60.9
19 -40.7
16 62.9
13 71
16 -0.5
4 -43
1 -18.2
18 68.9
0 45
1 38.8
5 15.3
15 64.1
6 79.7
16 2
2 35.6
5 -35.9
3 65.6
1 28.9
12 23.3
6 82.4
13 58.6
1 106.1
0 85
9 30.2
17 59.1
0 -24
4 10.2
14 -23.9
22 10.7
23 -4.5
10 79.8
5 71.4
10 -3.7
2 -12.8
13 -43.7
14 21.1
16 13.7
2 102
1 31.6
22 -6.3
18 32.5
16 59.5
0 -9.6
13 55.2
8 -10.6
15 -17.5
3 -35.7
2 100
14 94
14 66
1 23
18 -34.1
23 26.6
10 68.4
4 13.9
23 -5.9
2 35.3
12 -27.3
8 20.6
17 44.8
18 83.4
9 98.2
8 37.9
9 -7.9
10 27.6
2 -10.4
12 57.8
5 63.5
9 -31.1
5 77
0 -2.7
10 -14
3 77.9
4 47.1
8 1
19 82.5
7 78.3
1 -37.7
18 -34
22 -10.6
2 62.4
11 -3.6
9 -13.6
10 27.8
23 23
12 -38.5
14 80.6
5 37.9
9 107
20 86.6
3 107.3
11 97.4
19 38.2
3 99.7
3 -37.3
2 -29
0 41.7
12 58.5
16 -40.6
16 8.1
3 95.4
9 44.3
0 61.6
17 -31.8
22 96.9
12 82.9
14 66
11 -18
13 -1.9
16 56.2
13 49.4
11 43.2
10 -21
17 -39.9
12 4
5 -27.2
13 47.2
22 73
11 55.4
9 30
17 36.5
14 -0.6
12 97.4
9 47.6
22 59.7
12 -9.7
21 -5.7
